3.141593 0.1 1.047198
9.424778 0.1 1.047198
3.141593 0.3 1.047198
9.424778 0.3 1.047198
3.141593 0.5 1.047198
9.424778 0.5 1.047198
3.141593 0.7 1.047198
9.424778 0.7 1.047198
3.141593 0.9 1.047198
9.424778 0.9 1.047198
3.141593 1.1 1.047198
9.424778 1.1 1.047198
3.141593 1.3 1.047198
9.424778 1.3 1.047198
3.141593 1.5 1.047198
9.424778 1.5 1.047198
3.141593 1.7 1.047198
9.424778 1.7 1.047198
3.141593 1.9 1.047198
9.424778 1.9 1.047198
3.141593 0.1 3.141593
9.424778 0.1 3.141593
3.141593 0.3 3.141593
9.424778 0.3 3.141593
3.141593 0.5 3.141593
9.424778 0.5 3.141593
3.141593 0.7 3.141593
9.424778 0.7 3.141593
3.141593 0.9 3.141593
9.424778 0.9 3.141593
3.141593 1.1 3.141593
9.424778 1.1 3.141593
3.141593 1.3 3.141593
9.424778 1.3 3.141593
3.141593 1.5 3.141593
9.424778 1.5 3.141593
3.141593 1.7 3.141593
9.424778 1.7 3.141593
3.141593 1.9 3.141593
9.424778 1.9 3.141593