8
0.0245437 0.043573 0.01636246
12.541830 0.043573 0.01636246
0.0245437 0.075165 0.01636246
0.0245437 0.043573 4.17243000

0.0245437 0.155046 0.01636246
12.541830 0.155046 0.01636246
0.0245437 0.262038 0.01636246
0.0245437 0.155046 4.17243000

0.0245437 0.407084 0.01636246
12.541830 0.407084 0.01636246
0.0245437 0.555275 0.01636246
0.0245437 0.407084 4.17243000

0.0245437 0.735341 0.01636246
12.541830 0.735341 0.01636246
0.0245437 0.904131 0.01636246
0.0245437 0.735341 4.17243000

0.0245437 1.095865 0.01636246
12.541830 1.095865 0.01636246
0.0245437 1.264655 0.01636246
0.0245437 1.095865 4.17243000

0.0245437 1.444725 0.01636246
12.541830 1.444725 0.01636246
0.0245437 1.592915 0.01636246
0.0245437 1.444725 4.17243000

0.0245437 1.737965 0.01636246
12.541830 1.737965 0.01636246
0.0245437 1.844955 0.01636246
0.0245437 1.737965 4.17243000

0.0245437 1.924835 0.01636246
12.541830 1.924835 0.01636246
0.0245437 1.956425 0.01636246
0.0245437 1.924835 4.17243000