3.141593 0.125 1.047198
9.424778 0.125 1.047198
3.141593 0.375 1.047198
9.424778 0.375 1.047198
3.141593 0.625 1.047198
9.424778 0.625 1.047198
3.141593 0.875 1.047198
9.424778 0.875 1.047198
3.141593 1.125 1.047198
9.424778 1.125 1.047198
3.141593 1.375 1.047198
9.424778 1.375 1.047198
3.141593 1.625 1.047198
9.424778 1.625 1.047198
3.141593 1.875 1.047198
9.424778 1.875 1.047198
3.141593 0.125 3.141593
9.424778 0.125 3.141593
3.141593 0.375 3.141593
9.424778 0.375 3.141593
3.141593 0.625 3.141593
9.424778 0.625 3.141593
3.141593 0.875 3.141593
9.424778 0.875 3.141593
3.141593 1.125 3.141593
9.424778 1.125 3.141593
3.141593 1.375 3.141593
9.424778 1.375 3.141593
3.141593 1.625 3.141593
9.424778 1.625 3.141593
3.141593 1.875 3.141593
9.424778 1.875 3.141593