0.157080 0.5 1.047198
0.471239 0.5 1.047198
0.785398 0.5 1.047198
1.099557 0.5 1.047198
1.413717 0.5 1.047198
1.727876 0.5 1.047198
2.042035 0.5 1.047198
2.356194 0.5 1.047198
2.670354 0.5 1.047198
2.984513 0.5 1.047198
3.298672 0.5 1.047198
3.612832 0.5 1.047198
3.926991 0.5 1.047198
4.241150 0.5 1.047198
4.555309 0.5 1.047198
4.869469 0.5 1.047198
5.183628 0.5 1.047198
5.497787 0.5 1.047198
5.811946 0.5 1.047198
6.126106 0.5 1.047198
6.440265 0.5 1.047198
6.754424 0.5 1.047198
7.068583 0.5 1.047198
7.382743 0.5 1.047198
7.696902 0.5 1.047198
8.011061 0.5 1.047198
8.325221 0.5 1.047198
8.639380 0.5 1.047198
8.953539 0.5 1.047198
9.267698 0.5 1.047198
9.581858 0.5 1.047198
9.896017 0.5 1.047198
10.21018 0.5 1.047198
10.52434 0.5 1.047198
10.83850 0.5 1.047198
11.15265 0.5 1.047198
11.46681 0.5 1.047198
11.78097 0.5 1.047198
12.09513 0.5 1.047198
12.40929 0.5 1.047198
0.157080 1.5 1.047198
0.471239 1.5 1.047198
0.785398 1.5 1.047198
1.099557 1.5 1.047198
1.413717 1.5 1.047198
1.727876 1.5 1.047198
2.042035 1.5 1.047198
2.356194 1.5 1.047198
2.670354 1.5 1.047198
2.984513 1.5 1.047198
3.298672 1.5 1.047198
3.612832 1.5 1.047198
3.926991 1.5 1.047198
4.241150 1.5 1.047198
4.555309 1.5 1.047198
4.869469 1.5 1.047198
5.183628 1.5 1.047198
5.497787 1.5 1.047198
5.811946 1.5 1.047198
6.126106 1.5 1.047198
6.440265 1.5 1.047198
6.754424 1.5 1.047198
7.068583 1.5 1.047198
7.382743 1.5 1.047198
7.696902 1.5 1.047198
8.011061 1.5 1.047198
8.325221 1.5 1.047198
8.639380 1.5 1.047198
8.953539 1.5 1.047198
9.267698 1.5 1.047198
9.581858 1.5 1.047198
9.896017 1.5 1.047198
10.21018 1.5 1.047198
10.52434 1.5 1.047198
10.83850 1.5 1.047198
11.15265 1.5 1.047198
11.46681 1.5 1.047198
11.78097 1.5 1.047198
12.09513 1.5 1.047198
12.40929 1.5 1.047198
0.157080 0.5 3.141593
0.471239 0.5 3.141593
0.785398 0.5 3.141593
1.099557 0.5 3.141593
1.413717 0.5 3.141593
1.727876 0.5 3.141593
2.042035 0.5 3.141593
2.356194 0.5 3.141593
2.670354 0.5 3.141593
2.984513 0.5 3.141593
3.298672 0.5 3.141593
3.612832 0.5 3.141593
3.926991 0.5 3.141593
4.241150 0.5 3.141593
4.555309 0.5 3.141593
4.869469 0.5 3.141593
5.183628 0.5 3.141593
5.497787 0.5 3.141593
5.811946 0.5 3.141593
6.126106 0.5 3.141593
6.440265 0.5 3.141593
6.754424 0.5 3.141593
7.068583 0.5 3.141593
7.382743 0.5 3.141593
7.696902 0.5 3.141593
8.011061 0.5 3.141593
8.325221 0.5 3.141593
8.639380 0.5 3.141593
8.953539 0.5 3.141593
9.267698 0.5 3.141593
9.581858 0.5 3.141593
9.896017 0.5 3.141593
10.21018 0.5 3.141593
10.52434 0.5 3.141593
10.83850 0.5 3.141593
11.15265 0.5 3.141593
11.46681 0.5 3.141593
11.78097 0.5 3.141593
12.09513 0.5 3.141593
12.40929 0.5 3.141593
0.157080 1.5 3.141593
0.471239 1.5 3.141593
0.785398 1.5 3.141593
1.099557 1.5 3.141593
1.413717 1.5 3.141593
1.727876 1.5 3.141593
2.042035 1.5 3.141593
2.356194 1.5 3.141593
2.670354 1.5 3.141593
2.984513 1.5 3.141593
3.298672 1.5 3.141593
3.612832 1.5 3.141593
3.926991 1.5 3.141593
4.241150 1.5 3.141593
4.555309 1.5 3.141593
4.869469 1.5 3.141593
5.183628 1.5 3.141593
5.497787 1.5 3.141593
5.811946 1.5 3.141593
6.126106 1.5 3.141593
6.440265 1.5 3.141593
6.754424 1.5 3.141593
7.068583 1.5 3.141593
7.382743 1.5 3.141593
7.696902 1.5 3.141593
8.011061 1.5 3.141593
8.325221 1.5 3.141593
8.639380 1.5 3.141593
8.953539 1.5 3.141593
9.267698 1.5 3.141593
9.581858 1.5 3.141593
9.896017 1.5 3.141593
10.21018 1.5 3.141593
10.52434 1.5 3.141593
10.83850 1.5 3.141593
11.15265 1.5 3.141593
11.46681 1.5 3.141593
11.78097 1.5 3.141593
12.09513 1.5 3.141593
12.40929 1.5 3.141593