0.196350 0.5 1.047198
0.589048 0.5 1.047198
0.981747 0.5 1.047198
1.374445 0.5 1.047198
1.767145 0.5 1.047198
2.159845 0.5 1.047198
2.552545 0.5 1.047198
2.945245 0.5 1.047198
3.337945 0.5 1.047198
3.730645 0.5 1.047198
4.123345 0.5 1.047198
4.516035 0.5 1.047198
4.908735 0.5 1.047198
5.301435 0.5 1.047198
5.694135 0.5 1.047198
6.086835 0.5 1.047198
6.479535 0.5 1.047198
6.872235 0.5 1.047198
7.264935 0.5 1.047198
7.657635 0.5 1.047198
8.050335 0.5 1.047198
8.443035 0.5 1.047198
8.835725 0.5 1.047198
9.228425 0.5 1.047198
9.522950 0.5 1.047198
9.719300 0.5 1.047198
9.915650 0.5 1.047198
10.11200 0.5 1.047198
10.30840 0.5 1.047198
10.50470 0.5 1.047198
10.70100 0.5 1.047198
10.89740 0.5 1.047198
11.09370 0.5 1.047198
11.29010 0.5 1.047198
11.48640 0.5 1.047198
11.68280 0.5 1.047198
11.87910 0.5 1.047198
12.07550 0.5 1.047198
12.27180 0.5 1.047198
12.46820 0.5 1.047198
0.196350 1.5 1.047198
0.589048 1.5 1.047198
0.981747 1.5 1.047198
1.374445 1.5 1.047198
1.767145 1.5 1.047198
2.159845 1.5 1.047198
2.552545 1.5 1.047198
2.945245 1.5 1.047198
3.337945 1.5 1.047198
3.730645 1.5 1.047198
4.123345 1.5 1.047198
4.516035 1.5 1.047198
4.908735 1.5 1.047198
5.301435 1.5 1.047198
5.694135 1.5 1.047198
6.086835 1.5 1.047198
6.479535 1.5 1.047198
6.872235 1.5 1.047198
7.264935 1.5 1.047198
7.657635 1.5 1.047198
8.050335 1.5 1.047198
8.443035 1.5 1.047198
8.835725 1.5 1.047198
9.228425 1.5 1.047198
9.522950 1.5 1.047198
9.719300 1.5 1.047198
9.915650 1.5 1.047198
10.11200 1.5 1.047198
10.30840 1.5 1.047198
10.50470 1.5 1.047198
10.70100 1.5 1.047198
10.89740 1.5 1.047198
11.09370 1.5 1.047198
11.29010 1.5 1.047198
11.48640 1.5 1.047198
11.68280 1.5 1.047198
11.87910 1.5 1.047198
12.07550 1.5 1.047198
12.27180 1.5 1.047198
12.46820 1.5 1.047198
0.196350 0.5 3.141593
0.589048 0.5 3.141593
0.981747 0.5 3.141593
1.374445 0.5 3.141593
1.767145 0.5 3.141593
2.159845 0.5 3.141593
2.552545 0.5 3.141593
2.945245 0.5 3.141593
3.337945 0.5 3.141593
3.730645 0.5 3.141593
4.123345 0.5 3.141593
4.516035 0.5 3.141593
4.908735 0.5 3.141593
5.301435 0.5 3.141593
5.694135 0.5 3.141593
6.086835 0.5 3.141593
6.479535 0.5 3.141593
6.872235 0.5 3.141593
7.264935 0.5 3.141593
7.657635 0.5 3.141593
8.050335 0.5 3.141593
8.443035 0.5 3.141593
8.835725 0.5 3.141593
9.228425 0.5 3.141593
9.522950 0.5 3.141593
9.719300 0.5 3.141593
9.915650 0.5 3.141593
10.11200 0.5 3.141593
10.30840 0.5 3.141593
10.50470 0.5 3.141593
10.70100 0.5 3.141593
10.89740 0.5 3.141593
11.09370 0.5 3.141593
11.29010 0.5 3.141593
11.48640 0.5 3.141593
11.68280 0.5 3.141593
11.87910 0.5 3.141593
12.07550 0.5 3.141593
12.27180 0.5 3.141593
12.46820 0.5 3.141593
0.196350 1.5 3.141593
0.589048 1.5 3.141593
0.981747 1.5 3.141593
1.374445 1.5 3.141593
1.767145 1.5 3.141593
2.159845 1.5 3.141593
2.552545 1.5 3.141593
2.945245 1.5 3.141593
3.337945 1.5 3.141593
3.730645 1.5 3.141593
4.123345 1.5 3.141593
4.516035 1.5 3.141593
4.908735 1.5 3.141593
5.301435 1.5 3.141593
5.694135 1.5 3.141593
6.086835 1.5 3.141593
6.479535 1.5 3.141593
6.872235 1.5 3.141593
7.264935 1.5 3.141593
7.657635 1.5 3.141593
8.050335 1.5 3.141593
8.443035 1.5 3.141593
8.835725 1.5 3.141593
9.228425 1.5 3.141593
9.522950 1.5 3.141593
9.719300 1.5 3.141593
9.915650 1.5 3.141593
10.11200 1.5 3.141593
10.30840 1.5 3.141593
10.50470 1.5 3.141593
10.70100 1.5 3.141593
10.89740 1.5 3.141593
11.09370 1.5 3.141593
11.29010 1.5 3.141593
11.48640 1.5 3.141593
11.68280 1.5 3.141593
11.87910 1.5 3.141593
12.07550 1.5 3.141593
12.27180 1.5 3.141593
12.46820 1.5 3.141593