3.141593 0.05 1.047198
9.424778 0.05 1.047198
3.141593 0.15 1.047198
9.424778 0.15 1.047198
3.141593 0.25 1.047198
9.424778 0.25 1.047198
3.141593 0.35 1.047198
9.424778 0.35 1.047198
3.141593 0.45 1.047198
9.424778 0.45 1.047198
3.141593 0.55 1.047198
9.424778 0.55 1.047198
3.141593 0.65 1.047198
9.424778 0.65 1.047198
3.141593 0.75 1.047198
9.424778 0.75 1.047198
3.141593 0.85 1.047198
9.424778 0.85 1.047198
3.141593 0.95 1.047198
9.424778 0.95 1.047198
3.141593 1.05 1.047198
9.424778 1.05 1.047198
3.141593 1.15 1.047198
9.424778 1.15 1.047198
3.141593 1.25 1.047198
9.424778 1.25 1.047198
3.141593 1.35 1.047198
9.424778 1.35 1.047198
3.141593 1.45 1.047198
9.424778 1.45 1.047198
3.141593 1.55 1.047198
9.424778 1.55 1.047198
3.141593 1.65 1.047198
9.424778 1.65 1.047198
3.141593 1.75 1.047198
9.424778 1.75 1.047198
3.141593 1.85 1.047198
9.424778 1.85 1.047198
3.141593 1.95 1.047198
9.424778 1.95 1.047198
3.141593 0.05 3.141593
9.424778 0.05 3.141593
3.141593 0.15 3.141593
9.424778 0.15 3.141593
3.141593 0.25 3.141593
9.424778 0.25 3.141593
3.141593 0.35 3.141593
9.424778 0.35 3.141593
3.141593 0.45 3.141593
9.424778 0.45 3.141593
3.141593 0.55 3.141593
9.424778 0.55 3.141593
3.141593 0.65 3.141593
9.424778 0.65 3.141593
3.141593 0.75 3.141593
9.424778 0.75 3.141593
3.141593 0.85 3.141593
9.424778 0.85 3.141593
3.141593 0.95 3.141593
9.424778 0.95 3.141593
3.141593 1.05 3.141593
9.424778 1.05 3.141593
3.141593 1.15 3.141593
9.424778 1.15 3.141593
3.141593 1.25 3.141593
9.424778 1.25 3.141593
3.141593 1.35 3.141593
9.424778 1.35 3.141593
3.141593 1.45 3.141593
9.424778 1.45 3.141593
3.141593 1.55 3.141593
9.424778 1.55 3.141593
3.141593 1.65 3.141593
9.424778 1.65 3.141593
3.141593 1.75 3.141593
9.424778 1.75 3.141593
3.141593 1.85 3.141593
9.424778 1.85 3.141593
3.141593 1.95 3.141593
9.424778 1.95 3.141593