6.283185 0.015625 2.094395
6.283185 0.046875 2.094395
6.283185 0.078125 2.094395
6.283185 0.109375 2.094395
6.283185 0.140625 2.094395
6.283185 0.171875 2.094395
6.283185 0.203125 2.094395
6.283185 0.234375 2.094395
6.283185 0.265625 2.094395
6.283185 0.296875 2.094395
6.283185 0.328125 2.094395
6.283185 0.359375 2.094395
6.283185 0.390625 2.094395
6.283185 0.421875 2.094395
6.283185 0.453125 2.094395
6.283185 0.484375 2.094395
6.283185 0.515625 2.094395
6.283185 0.546875 2.094395
6.283185 0.578125 2.094395
6.283185 0.609375 2.094395
6.283185 0.640625 2.094395
6.283185 0.671875 2.094395
6.283185 0.703125 2.094395
6.283185 0.734375 2.094395
6.283185 0.765625 2.094395
6.283185 0.796875 2.094395
6.283185 0.828125 2.094395
6.283185 0.859375 2.094395
6.283185 0.890625 2.094395
6.283185 0.921875 2.094395
6.283185 0.953125 2.094395
6.283185 0.984375 2.094395
6.283185 1.015625 2.094395
6.283185 1.046875 2.094395
6.283185 1.078125 2.094395
6.283185 1.109375 2.094395
6.283185 1.140625 2.094395
6.283185 1.171875 2.094395
6.283185 1.203125 2.094395
6.283185 1.234375 2.094395
6.283185 1.265625 2.094395
6.283185 1.296875 2.094395
6.283185 1.328125 2.094395
6.283185 1.359375 2.094395
6.283185 1.390625 2.094395
6.283185 1.421875 2.094395
6.283185 1.453125 2.094395
6.283185 1.484375 2.094395
6.283185 1.515625 2.094395
6.283185 1.546875 2.094395
6.283185 1.578125 2.094395
6.283185 1.609375 2.094395
6.283185 1.640625 2.094395
6.283185 1.671875 2.094395
6.283185 1.703125 2.094395
6.283185 1.734375 2.094395
6.283185 1.765625 2.094395
6.283185 1.796875 2.094395
6.283185 1.828125 2.094395
6.283185 1.859375 2.094395
6.283185 1.890625 2.094395
6.283185 1.921875 2.094395
6.283185 1.953125 2.094395
6.283185 1.984375 2.094395