0.785399 0.1 1.047198
2.356194 0.1 1.047198
3.926991 0.1 1.047198
5.497787 0.1 1.047198
7.068583 0.1 1.047198
8.639380 0.1 1.047198
10.21018 0.1 1.047198
11.78097 0.1 1.047198
0.785399 0.3 1.047198
2.356194 0.3 1.047198
3.926991 0.3 1.047198
5.497787 0.3 1.047198
7.068583 0.3 1.047198
8.639380 0.3 1.047198
10.21018 0.3 1.047198
11.78097 0.3 1.047198
0.785399 0.5 1.047198
2.356194 0.5 1.047198
3.926991 0.5 1.047198
5.497787 0.5 1.047198
7.068583 0.5 1.047198
8.639380 0.5 1.047198
10.21018 0.5 1.047198
11.78097 0.5 1.047198
0.785399 0.7 1.047198
2.356194 0.7 1.047198
3.926991 0.7 1.047198
5.497787 0.7 1.047198
7.068583 0.7 1.047198
8.639380 0.7 1.047198
10.21018 0.7 1.047198
11.78097 0.7 1.047198
0.785399 0.9 1.047198
2.356194 0.9 1.047198
3.926991 0.9 1.047198
5.497787 0.9 1.047198
7.068583 0.9 1.047198
8.639380 0.9 1.047198
10.21018 0.9 1.047198
11.78097 0.9 1.047198
0.785399 1.1 1.047198
2.356194 1.1 1.047198
3.926991 1.1 1.047198
5.497787 1.1 1.047198
7.068583 1.1 1.047198
8.639380 1.1 1.047198
10.21018 1.1 1.047198
11.78097 1.1 1.047198
0.785399 1.3 1.047198
2.356194 1.3 1.047198
3.926991 1.3 1.047198
5.497787 1.3 1.047198
7.068583 1.3 1.047198
8.639380 1.3 1.047198
10.21018 1.3 1.047198
11.78097 1.3 1.047198
0.785399 1.5 1.047198
2.356194 1.5 1.047198
3.926991 1.5 1.047198
5.497787 1.5 1.047198
7.068583 1.5 1.047198
8.639380 1.5 1.047198
10.21018 1.5 1.047198
11.78097 1.5 1.047198
0.785399 1.7 1.047198
2.356194 1.7 1.047198
3.926991 1.7 1.047198
5.497787 1.7 1.047198
7.068583 1.7 1.047198
8.639380 1.7 1.047198
10.21018 1.7 1.047198
11.78097 1.7 1.047198
0.785399 1.9 1.047198
2.356194 1.9 1.047198
3.926991 1.9 1.047198
5.497787 1.9 1.047198
7.068583 1.9 1.047198
8.639380 1.9 1.047198
10.21018 1.9 1.047198
11.78097 1.9 1.047198
0.785399 0.1 3.141593
2.356194 0.1 3.141593
3.926991 0.1 3.141593
5.497787 0.1 3.141593
7.068583 0.1 3.141593
8.639380 0.1 3.141593
10.21018 0.1 3.141593
11.78097 0.1 3.141593
0.785399 0.3 3.141593
2.356194 0.3 3.141593
3.926991 0.3 3.141593
5.497787 0.3 3.141593
7.068583 0.3 3.141593
8.639380 0.3 3.141593
10.21018 0.3 3.141593
11.78097 0.3 3.141593
0.785399 0.5 3.141593
2.356194 0.5 3.141593
3.926991 0.5 3.141593
5.497787 0.5 3.141593
7.068583 0.5 3.141593
8.639380 0.5 3.141593
10.21018 0.5 3.141593
11.78097 0.5 3.141593
0.785399 0.7 3.141593
2.356194 0.7 3.141593
3.926991 0.7 3.141593
5.497787 0.7 3.141593
7.068583 0.7 3.141593
8.639380 0.7 3.141593
10.21018 0.7 3.141593
11.78097 0.7 3.141593
0.785399 0.9 3.141593
2.356194 0.9 3.141593
3.926991 0.9 3.141593
5.497787 0.9 3.141593
7.068583 0.9 3.141593
8.639380 0.9 3.141593
10.21018 0.9 3.141593
11.78097 0.9 3.141593
0.785399 1.1 3.141593
2.356194 1.1 3.141593
3.926991 1.1 3.141593
5.497787 1.1 3.141593
7.068583 1.1 3.141593
8.639380 1.1 3.141593
10.21018 1.1 3.141593
11.78097 1.1 3.141593
0.785399 1.3 3.141593
2.356194 1.3 3.141593
3.926991 1.3 3.141593
5.497787 1.3 3.141593
7.068583 1.3 3.141593
8.639380 1.3 3.141593
10.21018 1.3 3.141593
11.78097 1.3 3.141593
0.785399 1.5 3.141593
2.356194 1.5 3.141593
3.926991 1.5 3.141593
5.497787 1.5 3.141593
7.068583 1.5 3.141593
8.639380 1.5 3.141593
10.21018 1.5 3.141593
11.78097 1.5 3.141593
0.785399 1.7 3.141593
2.356194 1.7 3.141593
3.926991 1.7 3.141593
5.497787 1.7 3.141593
7.068583 1.7 3.141593
8.639380 1.7 3.141593
10.21018 1.7 3.141593
11.78097 1.7 3.141593
0.785399 1.9 3.141593
2.356194 1.9 3.141593
3.926991 1.9 3.141593
5.497787 1.9 3.141593
7.068583 1.9 3.141593
8.639380 1.9 3.141593
10.21018 1.9 3.141593
11.78097 1.9 3.141593