8
0.0245437 0.027777 0.01636246
12.541830 0.027777 0.01636246
0.0245437 0.090961 0.01636246
0.0245437 0.027777 4.17243000

0.0245437 0.101550 0.01636246
12.541830 0.101550 0.01636246
0.0245437 0.315534 0.01636246
0.0245437 0.101550 4.17243000

0.0245437 0.332989 0.01636246
12.541830 0.332989 0.01636246
0.0245437 0.629370 0.01636246
0.0245437 0.332989 4.17243000

0.0245437 0.650946 0.01636246
12.541830 0.650946 0.01636246
0.0245437 0.988526 0.01636246
0.0245437 0.650946 4.17243000

0.0245437 1.01147 0.01636246
12.541830 1.01147 0.01636246
0.0245437 1.34905 0.01636246
0.0245437 1.01147 4.17243000

0.0245437 1.37063 0.01636246
12.541830 1.37063 0.01636246
0.0245437 1.66701 0.01636246
0.0245437 1.37063 4.17243000

0.0245437 1.68447 0.01636246
12.541830 1.68447 0.01636246
0.0245437 1.89845 0.01636246
0.0245437 1.68447 4.17243000

0.0245437 1.90904 0.01636246
12.541830 1.90904 0.01636246
0.0245437 1.97222 0.01636246
0.0245437 1.90904 4.17243000