0.897598 0.125 2.094395
2.692794 0.125 2.094395
4.487990 0.125 2.094395
6.283185 0.125 2.094395
8.078381 0.125 2.094395
9.873577 0.125 2.094395
11.66877 0.125 2.094395
0.897598 0.375 2.094395
2.692794 0.375 2.094395
4.487990 0.375 2.094395
6.283185 0.375 2.094395
8.078381 0.375 2.094395
9.873577 0.375 2.094395
11.66877 0.375 2.094395
0.897598 0.625 2.094395
2.692794 0.625 2.094395
4.487990 0.625 2.094395
6.283185 0.625 2.094395
8.078381 0.625 2.094395
9.873577 0.625 2.094395
11.66877 0.625 2.094395
0.897598 0.875 2.094395
2.692794 0.875 2.094395
4.487990 0.875 2.094395
6.283185 0.875 2.094395
8.078381 0.875 2.094395
9.873577 0.875 2.094395
11.66877 0.875 2.094395
0.897598 1.125 2.094395
2.692794 1.125 2.094395
4.487990 1.125 2.094395
6.283185 1.125 2.094395
8.078381 1.125 2.094395
9.873577 1.125 2.094395
11.66877 1.125 2.094395
0.897598 1.375 2.094395
2.692794 1.375 2.094395
4.487990 1.375 2.094395
6.283185 1.375 2.094395
8.078381 1.375 2.094395
9.873577 1.375 2.094395
11.66877 1.375 2.094395
0.897598 1.625 2.094395
2.692794 1.625 2.094395
4.487990 1.625 2.094395
6.283185 1.625 2.094395
8.078381 1.625 2.094395
9.873577 1.625 2.094395
11.66877 1.625 2.094395
0.897598 1.875 2.094395
2.692794 1.875 2.094395
4.487990 1.875 2.094395
6.283185 1.875 2.094395
8.078381 1.875 2.094395
9.873577 1.875 2.094395
11.66877 1.875 2.094395