1.570796 0.25 0.523599
4.712389 0.25 0.523599
7.853982 0.25 0.523599
10.995574 0.25 0.523599
1.570796 0.75 0.523599
4.712389 0.75 0.523599
7.853982 0.75 0.523599
10.995574 0.75 0.523599
1.570796 1.25 0.523599
4.712389 1.25 0.523599
7.853982 1.25 0.523599
10.995574 1.25 0.523599
1.570796 1.75 0.523599
4.712389 1.75 0.523599
7.853982 1.75 0.523599
10.995574 1.75 0.523599
1.570796 0.25 1.570796
4.712389 0.25 1.570796
7.853982 0.25 1.570796
10.995574 0.25 1.570796
1.570796 0.75 1.570796
4.712389 0.75 1.570796
7.853982 0.75 1.570796
10.995574 0.75 1.570796
1.570796 1.25 1.570796
4.712389 1.25 1.570796
7.853982 1.25 1.570796
10.995574 1.25 1.570796
1.570796 1.75 1.570796
4.712389 1.75 1.570796
7.853982 1.75 1.570796
10.995574 1.75 1.570796
1.570796 0.25 2.617994
4.712389 0.25 2.617994
7.853982 0.25 2.617994
10.995574 0.25 2.617994
1.570796 0.75 2.617994
4.712389 0.75 2.617994
7.853982 0.75 2.617994
10.995574 0.75 2.617994
1.570796 1.25 2.617994
4.712389 1.25 2.617994
7.853982 1.25 2.617994
10.995574 1.25 2.617994
1.570796 1.75 2.617994
4.712389 1.75 2.617994
7.853982 1.75 2.617994
10.995574 1.75 2.617994
1.570796 0.25 3.665191
4.712389 0.25 3.665191
7.853982 0.25 3.665191
10.995574 0.25 3.665191
1.570796 0.75 3.665191
4.712389 0.75 3.665191
7.853982 0.75 3.665191
10.995574 0.75 3.665191
1.570796 1.25 3.665191
4.712389 1.25 3.665191
7.853982 1.25 3.665191
10.995574 1.25 3.665191
1.570796 1.75 3.665191
4.712389 1.75 3.665191
7.853982 1.75 3.665191
10.995574 1.75 3.665191