0.785399 0.166667 0.349066
3.141593 0.166667 0.349066
5.235988 0.166667 0.349066
7.330383 0.166667 0.349066
9.424778 0.166667 0.349066
11.51917 0.166667 0.349066
0.785399 0.500000 0.349066
3.141593 0.500000 0.349066
5.235988 0.500000 0.349066
7.330383 0.500000 0.349066
9.424778 0.500000 0.349066
11.51917 0.500000 0.349066
0.785399 0.833333 0.349066
3.141593 0.833333 0.349066
5.235988 0.833333 0.349066
7.330383 0.833333 0.349066
9.424778 0.833333 0.349066
11.51917 0.833333 0.349066
0.785399 1.166667 0.349066
3.141593 1.166667 0.349066
5.235988 1.166667 0.349066
7.330383 1.166667 0.349066
9.424778 1.166667 0.349066
11.51917 1.166667 0.349066
0.785399 1.500000 0.349066
3.141593 1.500000 0.349066
5.235988 1.500000 0.349066
7.330383 1.500000 0.349066
9.424778 1.500000 0.349066
11.51917 1.500000 0.349066
0.785399 1.833333 0.349066
3.141593 1.833333 0.349066
5.235988 1.833333 0.349066
7.330383 1.833333 0.349066
9.424778 1.833333 0.349066
11.51917 1.833333 0.349066
0.785399 0.166667 1.047198
3.141593 0.166667 1.047198
5.235988 0.166667 1.047198
7.330383 0.166667 1.047198
9.424778 0.166667 1.047198
11.51917 0.166667 1.047198
0.785399 0.500000 1.047198
3.141593 0.500000 1.047198
5.235988 0.500000 1.047198
7.330383 0.500000 1.047198
9.424778 0.500000 1.047198
11.51917 0.500000 1.047198
0.785399 0.833333 1.047198
3.141593 0.833333 1.047198
5.235988 0.833333 1.047198
7.330383 0.833333 1.047198
9.424778 0.833333 1.047198
11.51917 0.833333 1.047198
0.785399 1.166667 1.047198
3.141593 1.166667 1.047198
5.235988 1.166667 1.047198
7.330383 1.166667 1.047198
9.424778 1.166667 1.047198
11.51917 1.166667 1.047198
0.785399 1.500000 1.047198
3.141593 1.500000 1.047198
5.235988 1.500000 1.047198
7.330383 1.500000 1.047198
9.424778 1.500000 1.047198
11.51917 1.500000 1.047198
0.785399 1.833333 1.047198
3.141593 1.833333 1.047198
5.235988 1.833333 1.047198
7.330383 1.833333 1.047198
9.424778 1.833333 1.047198
11.51917 1.833333 1.047198
0.785399 0.166667 1.745329
3.141593 0.166667 1.745329
5.235988 0.166667 1.745329
7.330383 0.166667 1.745329
9.424778 0.166667 1.745329
11.51917 0.166667 1.745329
0.785399 0.500000 1.745329
3.141593 0.500000 1.745329
5.235988 0.500000 1.745329
7.330383 0.500000 1.745329
9.424778 0.500000 1.745329
11.51917 0.500000 1.745329
0.785399 0.833333 1.745329
3.141593 0.833333 1.745329
5.235988 0.833333 1.745329
7.330383 0.833333 1.745329
9.424778 0.833333 1.745329
11.51917 0.833333 1.745329
0.785399 1.166667 1.745329
3.141593 1.166667 1.745329
5.235988 1.166667 1.745329
7.330383 1.166667 1.745329
9.424778 1.166667 1.745329
11.51917 1.166667 1.745329
0.785399 1.500000 1.745329
3.141593 1.500000 1.745329
5.235988 1.500000 1.745329
7.330383 1.500000 1.745329
9.424778 1.500000 1.745329
11.51917 1.500000 1.745329
0.785399 1.833333 1.745329
3.141593 1.833333 1.745329
5.235988 1.833333 1.745329
7.330383 1.833333 1.745329
9.424778 1.833333 1.745329
11.51917 1.833333 1.745329
0.785399 0.166667 2.443461
3.141593 0.166667 2.443461
5.235988 0.166667 2.443461
7.330383 0.166667 2.443461
9.424778 0.166667 2.443461
11.51917 0.166667 2.443461
0.785399 0.500000 2.443461
3.141593 0.500000 2.443461
5.235988 0.500000 2.443461
7.330383 0.500000 2.443461
9.424778 0.500000 2.443461
11.51917 0.500000 2.443461
0.785399 0.833333 2.443461
3.141593 0.833333 2.443461
5.235988 0.833333 2.443461
7.330383 0.833333 2.443461
9.424778 0.833333 2.443461
11.51917 0.833333 2.443461
0.785399 1.166667 2.443461
3.141593 1.166667 2.443461
5.235988 1.166667 2.443461
7.330383 1.166667 2.443461
9.424778 1.166667 2.443461
11.51917 1.166667 2.443461
0.785399 1.500000 2.443461
3.141593 1.500000 2.443461
5.235988 1.500000 2.443461
7.330383 1.500000 2.443461
9.424778 1.500000 2.443461
11.51917 1.500000 2.443461
0.785399 1.833333 2.443461
3.141593 1.833333 2.443461
5.235988 1.833333 2.443461
7.330383 1.833333 2.443461
9.424778 1.833333 2.443461
11.51917 1.833333 2.443461
0.785399 0.166667 3.141593
3.141593 0.166667 3.141593
5.235988 0.166667 3.141593
7.330383 0.166667 3.141593
9.424778 0.166667 3.141593
11.51917 0.166667 3.141593
0.785399 0.500000 3.141593
3.141593 0.500000 3.141593
5.235988 0.500000 3.141593
7.330383 0.500000 3.141593
9.424778 0.500000 3.141593
11.51917 0.500000 3.141593
0.785399 0.833333 3.141593
3.141593 0.833333 3.141593
5.235988 0.833333 3.141593
7.330383 0.833333 3.141593
9.424778 0.833333 3.141593
11.51917 0.833333 3.141593
0.785399 1.166667 3.141593
3.141593 1.166667 3.141593
5.235988 1.166667 3.141593
7.330383 1.166667 3.141593
9.424778 1.166667 3.141593
11.51917 1.166667 3.141593
0.785399 1.500000 3.141593
3.141593 1.500000 3.141593
5.235988 1.500000 3.141593
7.330383 1.500000 3.141593
9.424778 1.500000 3.141593
11.51917 1.500000 3.141593
0.785399 1.833333 3.141593
3.141593 1.833333 3.141593
5.235988 1.833333 3.141593
7.330383 1.833333 3.141593
9.424778 1.833333 3.141593
11.51917 1.833333 3.141593
0.785399 0.166667 3.839724
3.141593 0.166667 3.839724
5.235988 0.166667 3.839724
7.330383 0.166667 3.839724
9.424778 0.166667 3.839724
11.51917 0.166667 3.839724
0.785399 0.500000 3.839724
3.141593 0.500000 3.839724
5.235988 0.500000 3.839724
7.330383 0.500000 3.839724
9.424778 0.500000 3.839724
11.51917 0.500000 3.839724
0.785399 0.833333 3.839724
3.141593 0.833333 3.839724
5.235988 0.833333 3.839724
7.330383 0.833333 3.839724
9.424778 0.833333 3.839724
11.51917 0.833333 3.839724
0.785399 1.166667 3.839724
3.141593 1.166667 3.839724
5.235988 1.166667 3.839724
7.330383 1.166667 3.839724
9.424778 1.166667 3.839724
11.51917 1.166667 3.839724
0.785399 1.500000 3.839724
3.141593 1.500000 3.839724
5.235988 1.500000 3.839724
7.330383 1.500000 3.839724
9.424778 1.500000 3.839724
11.51917 1.500000 3.839724
0.785399 1.833333 3.839724
3.141593 1.833333 3.839724
5.235988 1.833333 3.839724
7.330383 1.833333 3.839724
9.424778 1.833333 3.839724
11.51917 1.833333 3.839724