8
0.0245437 0.051 0.01636246
12.541830 0.051 0.01636246
0.0245437 0.249 0.01636246
0.0245437 0.051 4.17243000

0.0245437 0.251 0.01636246
12.541830 0.251 0.01636246
0.0245437 0.499 0.01636246
0.0245437 0.251 4.17243000

0.0245437 0.501 0.01636246
12.541830 0.501 0.01636246
0.0245437 0.749 0.01636246
0.0245437 0.501 4.17243000

0.0245437 0.751 0.01636246
12.541830 0.751 0.01636246
0.0245437 0.999 0.01636246
0.0245437 0.751 4.17243000

0.0245437 1.001 0.01636246
12.541830 1.001 0.01636246
0.0245437 1.249 0.01636246
0.0245437 1.001 4.17243000

0.0245437 1.251 0.01636246
12.541830 1.251 0.01636246
0.0245437 1.499 0.01636246
0.0245437 1.251 4.17243000

0.0245437 1.501 0.01636246
12.541830 1.501 0.01636246
0.0245437 1.749 0.01636246
0.0245437 1.501 4.17243000

0.0245437 1.751 0.01636246
12.541830 1.751 0.01636246
0.0245437 1.949 0.01636246
0.0245437 1.751 4.17243000