0.392699 0.5 1.047198
1.178096 0.5 1.047198
1.963495 0.5 1.047198
2.748895 0.5 1.047198
3.436120 0.5 1.047198
4.025170 0.5 1.047198
4.614210 0.5 1.047198
5.203260 0.5 1.047198
5.792310 0.5 1.047198
6.381360 0.5 1.047198
6.970410 0.5 1.047198
7.559460 0.5 1.047198
8.148510 0.5 1.047198
8.737555 0.5 1.047198
9.326600 0.5 1.047198
9.915650 0.5 1.047198
10.50470 0.5 1.047198
11.09375 0.5 1.047198
11.68275 0.5 1.047198
12.27185 0.5 1.047198
0.392699 1.5 1.047198
1.178096 1.5 1.047198
1.963495 1.5 1.047198
2.748895 1.5 1.047198
3.436120 1.5 1.047198
4.025170 1.5 1.047198
4.614210 1.5 1.047198
5.203260 1.5 1.047198
5.792310 1.5 1.047198
6.381360 1.5 1.047198
6.970410 1.5 1.047198
7.559460 1.5 1.047198
8.148510 1.5 1.047198
8.737555 1.5 1.047198
9.326600 1.5 1.047198
9.915650 1.5 1.047198
10.50470 1.5 1.047198
11.09375 1.5 1.047198
11.68275 1.5 1.047198
12.27185 1.5 1.047198
0.392699 0.5 3.141593
1.178096 0.5 3.141593
1.963495 0.5 3.141593
2.748895 0.5 3.141593
3.436120 0.5 3.141593
4.025170 0.5 3.141593
4.614210 0.5 3.141593
5.203260 0.5 3.141593
5.792310 0.5 3.141593
6.381360 0.5 3.141593
6.970410 0.5 3.141593
7.559460 0.5 3.141593
8.148510 0.5 3.141593
8.737555 0.5 3.141593
9.326600 0.5 3.141593
9.915650 0.5 3.141593
10.50470 0.5 3.141593
11.09375 0.5 3.141593
11.68275 0.5 3.141593
12.27185 0.5 3.141593
0.392699 1.5 3.141593
1.178096 1.5 3.141593
1.963495 1.5 3.141593
2.748895 1.5 3.141593
3.436120 1.5 3.141593
4.025170 1.5 3.141593
4.614210 1.5 3.141593
5.203260 1.5 3.141593
5.792310 1.5 3.141593
6.381360 1.5 3.141593
6.970410 1.5 3.141593
7.559460 1.5 3.141593
8.148510 1.5 3.141593
8.737555 1.5 3.141593
9.326600 1.5 3.141593
9.915650 1.5 3.141593
10.50470 1.5 3.141593
11.09375 1.5 3.141593
11.68275 1.5 3.141593
12.27185 1.5 3.141593